#1
UPDATE AP_SUPPLIERS
SET GLOBAL_ATTRIBUTE1 = '01'
where vendor_id IN (47467,
73399,
101505,
122527,
47462,
229505,
150503,
47468,
226501,
114507,
47447,
114505,
47440,
122510,
114503,
47452,
47490,
233511,
233512,
114506,
35398,
233504,
47470,
47473,
225504,
122517,
114527,
47449,
250509,
41398,
161494,
36398,
148494,
79399,
114504,
229506,
34398,
101499,
47512,
65428,
78401,
47483,
225502,
20506,
122531,
209501,
82399,
228505,
20518,
122530,
220504,
217501,
210501,
114497,
148495,
46399,
21404,
47455,
20492,
225503,
47482,
20519,
73398,
163494,
114529,
47479,
16829667,
15743670,
19567960,
9431667,
17426666,
19109805,
19062965,
18483747,
18693995,
17278668,
18743977,
17131666,
18696981,
15903672,
16259670,
16047667,
17577678,
17817666,
19978031,
17433668,
17299668,
17313666,
18577744,
9440666,
17775666,
19117810,
16610666,
18694827,
17299667,
18473744,
17907672,
19567991,
15853666,
18385742,
19268995,
16426666,
18773826,
20042028,
17299666,
19179819,
17365670,
19098964,
18442744,
17598673,
19070807,
16259669,
18178747,
16313667,
18170679,
18658750,
17273668,
17282669,
16755670,
19719960,
17365666,
19376864,
16408666,
9444667,
18773837,
16743668,
18667079,
19945044,
16313668,
17278670,
19913143,
19692971,
18929806,
16427666,
19978044,
19023813,
16143666,
17320669,
18745823,
17290670,
15744669,
17673668,
19719956,
17598669,
6460664,
16918666,
19380869,
16259666,
18508742,
17786672,
16261666,
15942667,
19921956,
15902672,
16405669,
16259667,
19671956,
16623666,
17907673,
17018666,
18276671,
19907967,
17250667,
16259668,
16247672,
18494742,
16021666,
17296693,
18257684,
17670666,
16754666,
19691120,
18442742,
16313666,
18698808,
16567666,
16543666,
16581667,
16581668,
16581670,
16581671,
16589667,
16589668,
16589669,
16589670,
16725674,
16638667,
16639666,
16766672,
16835666,
16750666,
16755666,
16755667,
16755668,
16755669,
16793667,
16859666,
16861666,
16767667,
16861668,
16802666,
16802668,
16803666,
16803667,
16803668,
16743666,
16743667,
16823666,
16850666,
16851666,
16884667,
16980666,
16998670,
16990666,
16990667,
16990668,
16997666,
16882666,
16991666,
16996668,
16996669,
16869666,
16869668,
16869669,
17003666,
17004666,
17004667,
17004668,
17004669,
16998666,
16998667,
16998668,
17004670,
16964666,
17053666,
17053667,
17087666,
17087667,
17051666,
17132666,
17032666,
17032667,
17032668,
17090666,
17176666,
17194666,
17194668,
17194667,
17046666,
17052666,
17139667,
17036666,
17036667,
17036668,
17036670,
17263666,
17270668,
17270669,
17221666,
17258666,
17258667,
17258668,
17258669,
17258670,
17265670,
17265671,
17265672,
17248666,
17266667,
17276666,
17264666,
17264667,
17264668,
17264669,
17264670,
17264671,
17264672,
17264673,
17264674,
17264675,
17264677,
17276667,
17282666,
17270667,
17291666,
17296667,
17290668,
17290669,
17290671,
17292672,
17292678,
17301667,
17301668,
17301670,
17301671,
17310668,
17322666,
17322667,
17289670,
17289671,
17289672,
17289673,
17289675,
17282667,
17282668,
17282670,
17282671,
17282672,
17290667,
17285667,
17311668,
17313668,
17315666,
17313669,
17313673,
17315667,
17315668,
17325667,
17290666,
17379666,
17374666,
17384668,
17351666,
17411667,
17414672,
17369666,
17370666,
17370667,
17370668,
17405668,
17337666,
17365667,
17365668,
17365671,
17365672,
17365673,
17365675,
17365676,
17435667,
17432673,
17433669,
17438673,
17601666,
17553666,
17579670,
17576671,
17694666,
17695677,
17633666,
17710668,
17710669,
17710670,
17710671,
17710673,
17695672,
17693666,
17693668,
17693669,
17693670,
17693671,
17693672,
17692667,
17692670,
17692671,
17786675,
17786671,
17735666,
17762667,
17762668,
17762669,
17816667,
17750673,
17748666,
17790666,
17790667,
17790668,
17791666,
17791667,
17791668,
17887666,
17872666,
17864666,
17908668,
17885670,
18034687,
18034690,
18103719,
18019715,
18094667,
18095667,
18095668,
18095670,
18045739,
18103676,
18103677,
18103678,
18103679,
18103680,
18103681,
18103683,
18103685,
18103686,
18265668,
18266668,
18266673,
18283692,
18330800,
18318752,
18336114,
18336117,
18260668,
18260671,
18261668,
18275671,
18276677,
18276679,
18333088,
18333089,
18343744,
18277672,
18277677,
18280758,
18280760,
18280763,
18278674,
18278677,
18283801,
18283804,
18283809,
18356742,
18356743,
18404749,
18417751,
18417752,
18417755,
18380743,
18405745,
18405747,
18405748,
18405749,
18405750,
18405751,
18404745,
18404746,
18404750,
18406743,
18405743,
18405744,
18414742,
18408745,
18408746,
18408748,
18408749,
18452742,
18453743,
18453744,
18453745,
18454743,
18454744,
18455742,
18455744,
18444743,
18488748,
18456742,
18457743,
18458742,
18432742,
18479742,
18481750,
18474742,
18481744,
18481745,
18481747,
18461745,
18473743,
18488743,
18488744,
18488745,
18488746,
18475743,
18475744,
18475745,
18475746,
18475747,
18475748,
18475749,
18475750,
18475751,
18475752,
18473745,
18506744,
18506745,
18481760,
18516745,
18521747,
18649059,
18580742,
18576743,
18639748,
18639753,
18593742,
18638107,
18584743,
18584744,
18584745,
18640746,
18594742,
18600745,
18647002,
18649044,
18649051,
18649069,
18586742,
18600747,
18529743,
18563742,
18742112,
18742131,
18742132,
18742135,
18659775,
18742182,
18674774,
18667744,
18667747,
18652102,
18658742,
18658745,
18672928,
18650762,
18652082,
18691813,
18691838,
18694000,
18661094,
18697805,
18700805,
18658799,
18688816,
18688825,
18690954,
18703830,
18703833,
18733808,
18671764,
18735806,
18739823,
18690988,
18740809,
18740814,
18740823,
18740827,
18742111,
18926819,
18926820,
18928960,
18928964,
19010980,
19012812,
18744828,
18744835,
18750983,
18750985,
18926806,
18926807,
18926808,
18926809,
18937805,
18891805,
18891808,
18893806,
18894805,
18773824,
18886806,
18886808,
18886809,
18926816,
19011004,
19011005,
19011006,
19011007,
18772964,
18772971,
19011820,
18785809,
19012818,
19012820,
19012821,
19012822,
19012823,
18782805,
18883805,
18883806,
18884806,
18895805,
18896806,
18897805,
18898806,
18932805,
18746981,
18783837,
18925818,
18925822,
18925827,
18925831,
18750973,
18885805,
18885806,
18886805,
18939805,
18940805,
19009811,
18746967,
18772992,
18888806,
18926810,
18926811,
18926812,
18926813,
18926815,
18926817,
18926818,
19059807,
19059809,
19060805,
19060807,
19060809,
19060811,
19060814,
19060815,
19062967,
19062968,
19062969,
19062970,
19087805,
19091836,
19091838,
19117806,
19022830,
19022832,
19022833,
19022835,
19022838,
19022840,
19086979,
19117807,
19018809,
19022817,
19022820,
19022837,
19036967,
19117813,
19088807,
19088808,
19088810,
19117815,
19117817,
19117818,
19134814,
19134816,
19134817,
19142805,
19142807,
19142808,
19026807,
19142809,
19153806,
19153808,
19155808,
19155809,
19167807,
19167816,
19167820,
19167822,
19167825,
19016814,
19016817,
19131806,
19132805,
19132807,
19133806,
19155811,
19155812,
19164809,
19218826,
19337807,
19183185,
19183186,
19183187,
19258807,
19258822,
19258827,
19258828,
19258831,
19258834,
19261843,
19346811,
19346812,
19346813,
19310812,
19310814,
19310824,
19310827,
19310830,
19310834,
19310835,
19310836,
19310837,
19197811,
19197814,
19197815,
19219861,
19251814,
19304830,
19224161,
19224164,
19224169,
19224178,
19224181,
19304831,
19372978,
19372980,
19372981,
19372982,
19372984,
19372985,
19372986,
19372987,
19376863,
19377848,
19246830,
19287806,
19377849,
19377850,
19377851,
19377853,
19377854,
19377855,
19181851,
19218878,
19219815,
19237161,
19237166,
19260963,
19260965,
19260966,
19260967,
19267820,
19267821,
19267822,
19267823,
19267824,
19221811,
19221814,
19221819,
19260977,
19263809,
19267825,
19209138,
19230807,
19230810,
19248843,
19267808,
19267827,
19267833,
19267834,
19268987,
19268990,
19268992,
19221879,
19221880,
19221881,
19222809,
19222812,
19222817,
19270807,
19274971,
19252813,
19252819,
19305820,
19268996,
19269808,
19269812,
19309843,
19309849,
19309850,
19319807,
19319808,
19319809,
19455970,
19574984,
19692959,
19692968,
19708956,
19712956,
19712957,
19712958,
19716956,
19717956,
19543957,
19543960,
19543962,
19543963,
19543964,
19544956,
19544958,
19563994,
19566126,
19456958,
19574964,
19692970,
19692973,
19676116,
19676957,
19676962,
19474956,
19563150,
19563151,
19563152,
19563153,
19563154,
19563155,
19563157,
19563158,
19378999,
19379000,
19379001,
19379002,
19380870,
19453963,
19511958,
19511960,
19676964,
19676966,
19665957,
19666957,
19688988,
19691019,
19691022,
19691024,
19691028,
19406825,
19407825,
19407826,
19407828,
19566976,
19691030,
19691031,
19691033,
19691035,
19776959,
19777958,
19787964,
19787969,
19787980,
19893116,
19919994,
19919997,
19920002,
19920006,
19920010,
19920013,
19924956,
19940045,
19939048,
19939053,
19939057,
19939059,
19939160,
19945065,
19724956,
19797958,
19798956,
19957007,
19975038,
19975040,
19757062,
19757063,
19757068,
19757071,
19776956,
19776958,
19787976,
19787979,
19787981,
19788956,
19788957,
19834958,
19834959,
19932957,
19940023,
19945179,
19723956,
19901957,
19902956,
19902958,
19940041,
19959006,
19969030,
19940057,
19970007,
19970012,
19975062,
19975065,
19975066,
19752970,
19752973,
19752974,
19752975,
19752978,
19752981,
19752984,
19752987,
19947007,
19975068,
19794958,
19848956,
19850956,
19932992,
19932993,
19937970,
19937978,
19937980,
19975073,
19975075,
19975078,
19737957,
19737958,
19737959,
19737960,
19737961,
19737962,
19737963,
19737964,
19737965,
19737966,
19737967,
19737968,
19737969,
19737970,
19737971,
19737972,
19737973,
19737974,
19737975,
19720957,
19720958,
19721957,
19722956,
19722957,
19737976,
19737977,
19772956,
19840960,
19840961,
19841958,
19842957,
19842959,
19844956,
19845957,
19846958,
19846959,
19862956,
19894957,
19902959,
19906958,
19907959,
19907961,
19907963,
19907972,
19717957,
19718956,
19719957,
19778956,
19823112,
19880957,
19895960,
19824956,
19827956,
19925957,
19937972,
19937974,
19938969,
19938971,
19938972,
19938975,
19995028,
20044383,
20045011,
20046017,
20042011,
19977017,
19992018,
19996024,
20044360,
19984007,
19993005,
19993008)

COMMIT;
998 ROWS UPDATED

#2
UPDATE AP_SUPPLIERS
SET GLOBAL_ATTRIBUTE1 = '01'
where vendor_id IN (20044104,
19978027,
19995053,
19995054,
20044073,
20004009,
20005006,
19996018,
19996021,
19999006,
20045077,
19993015,
19993017,
20012036,
19978032,
20017059,
19980056,
19980057,
19995044,
19995046,
19995048,
20044349,
20044352,
19997039,
19982007,
19995056,
19995062,
19995063,
19995069,
19995071,
20001006,
20017069)

COMMIT;
32 ROWS UPDATED

#3
UPDATE AP_SUPPLIERS
SET GLOBAL_ATTRIBUTE_CATEGORY = 'JL.AR.APXVDMVD.SUPPLIERS',
     ATTRIBUTE_CATEGORY = 'AR'
where vendor_id IN (13679666,
12862666,
15289666,
13157666,
16581666,
16756667,
16756669,
16980667,
17177666,
17175666,
17178666,
17191666,
17171666,
17171667,
17133666,
17133667,
17150666,
17150667,
17174666,
17188667,
17190666,
17218672,
17217675,
17278673,
17279671,
17267673,
17600666,
17922790,
17950750,
17950751,
18122846,
18395742,
18481742,
18472742,
18481743,
18644097,
18658096,
18661775,
18661754,
18938806,
19608118,
19716957,
19720956,
19736958,
19736959,
16829667,
15743670,
19567960,
9431667,
17426666,
19109805,
19062965,
18483747,
18693995,
17278668,
18743977,
17131666,
18696981,
15903672,
16259670,
16047667,
17577678,
17817666,
19978031,
17433668,
17299668,
17313666,
18577744,
9440666,
17775666,
19117810,
16610666,
18694827,
17299667,
18473744,
17907672,
19567991,
15853666,
18385742,
19268995,
16426666,
18773826,
20042028,
17299666,
19179819,
17365670,
19098964,
18442744,
17598673,
19070807,
16259669,
18178747,
16313667,
18170679,
18658750,
17273668,
17282669,
16755670,
19719960,
17365666,
19376864,
16408666,
9444667,
18773837,
16743668,
18667079,
19945044,
16313668,
17278670,
19913143,
19692971,
18929806,
16427666,
19978044,
19023813,
16143666,
17320669,
18745823,
17290670,
15744669,
17673668,
19719956,
17598669,
6460664,
16918666,
19380869,
16259666,
18508742,
17786672,
16261666,
15942667,
19921956,
15902672,
16405669,
16259667,
19671956,
16623666,
17907673,
17018666,
18276671,
19907967,
17250667,
16259668,
16247672,
18494742,
16021666,
17296693,
18257684,
17670666,
16754666,
19691120,
18442742,
16313666,
18698808,
16567666,
16543666,
16581667,
16581668,
16581670,
16581671,
16589667,
16589668,
16589669,
16589670,
16725674,
16638667,
16639666,
16766672,
16835666,
16750666,
16755666,
16755667,
16755668,
16755669,
16793667,
16859666,
16861666,
16767667,
16861668,
16802666,
16802668,
16803666,
16803667,
16803668,
16743666,
16743667,
16823666,
16850666,
16851666,
16884667,
16980666,
16998670,
16990666,
16990667,
16990668,
16997666,
16882666,
16991666,
16996668,
16996669,
16869666,
16869668,
16869669,
17003666,
17004666,
17004667,
17004668,
17004669,
16998666,
16998667,
16998668,
17004670,
16964666,
17053666,
17053667,
17087666,
17087667,
17051666,
17132666,
17032666,
17032667,
17032668,
17090666,
17176666,
17194666,
17194668,
17194667,
17046666,
17052666,
17139667,
17036666,
17036667,
17036668,
17036670,
17263666,
17270668,
17270669,
17221666,
17258666,
17258667,
17258668,
17258669,
17258670,
17265670,
17265671,
17265672,
17248666,
17266667,
17276666,
17264666,
17264667,
17264668,
17264669,
17264670,
17264671,
17264672,
17264673,
17264674,
17264675,
17264677,
17276667,
17282666,
17270667,
17291666,
17296667,
17290668,
17290669,
17290671,
17292672,
17292678,
17301667,
17301668,
17301670,
17301671,
17310668,
17322666,
17322667,
17289670,
17289671,
17289672,
17289673,
17289675,
17282667,
17282668,
17282670,
17282671,
17282672,
17290667,
17285667,
17311668,
17313668,
17315666,
17313669,
17313673,
17315667,
17315668,
17325667,
17290666,
17379666,
17374666,
17384668,
17351666,
17411667,
17414672,
17369666,
17370666,
17370667,
17370668,
17405668,
17337666,
17365667,
17365668,
17365671,
17365672,
17365673,
17365675,
17365676,
17435667,
17432673,
17433669,
17438673,
17601666,
17553666,
17579670,
17576671,
17694666,
17695677,
17633666,
17710668,
17710669,
17710670,
17710671,
17710673,
17695672,
17693666,
17693668,
17693669,
17693670,
17693671,
17693672,
17692667,
17692670,
17692671,
17786675,
17786671,
17735666,
17762667,
17762668,
17762669,
17816667,
17750673,
17748666,
17790666,
17790667,
17790668,
17791666,
17791667,
17791668,
17887666,
17872666,
17864666,
17908668,
17885670,
18034687,
18034690,
18103719,
18019715,
18094667,
18095667,
18095668,
18095670,
18045739,
18103676,
18103677,
18103678,
18103679,
18103680,
18103681,
18103683,
18103685,
18103686,
18265668,
18266668,
18266673,
18283692,
18330800,
18318752,
18336114,
18336117,
18260668,
18260671,
18261668,
18275671,
18276677,
18276679,
18333088,
18333089,
18343744,
18277672,
18277677,
18280758,
18280760,
18280763,
18278674,
18278677,
18283801,
18283804,
18283809,
18356742,
18356743,
18404749,
18417751,
18417752,
18417755,
18380743,
18405745,
18405747,
18405748,
18405749,
18405750,
18405751,
18404745,
18404746,
18404750,
18406743,
18405743,
18405744,
18414742,
18408745,
18408746,
18408748,
18408749,
18452742,
18453743,
18453744,
18453745,
18454743,
18454744,
18455742,
18455744,
18444743,
18488748,
18456742,
18457743,
18458742,
18432742,
18479742,
18481750,
18474742,
18481744,
18481745,
18481747,
18461745,
18473743,
18488743,
18488744,
18488745,
18488746,
18475743,
18475744,
18475745,
18475746,
18475747,
18475748,
18475749,
18475750,
18475751,
18475752,
18473745,
18506744,
18506745,
18481760,
18516745,
18521747,
18649059,
18580742,
18576743,
18639748,
18639753,
18593742,
18638107,
18584743,
18584744,
18584745,
18640746,
18594742,
18600745,
18647002,
18649044,
18649051,
18649069,
18586742,
18600747,
18529743,
18563742,
18742112,
18742131,
18742132,
18742135,
18659775,
18742182,
18674774,
18667744,
18667747,
18652102,
18658742,
18658745,
18672928,
18650762,
18652082,
18691813,
18691838,
18694000,
18661094,
18697805,
18700805,
18658799,
18688816,
18688825,
18690954,
18703830,
18703833,
18733808,
18671764,
18735806,
18739823,
18690988,
18740809,
18740814,
18740823,
18740827,
18742111,
18926819,
18926820,
18928960,
18928964,
19010980,
19012812,
18744828,
18744835,
18750983,
18750985,
18926806,
18926807,
18926808,
18926809,
18937805,
18891805,
18891808,
18893806,
18894805,
18773824,
18886806,
18886808,
18886809,
18926816,
19011004,
19011005,
19011006,
19011007,
18772964,
18772971,
19011820,
18785809,
19012818,
19012820,
19012821,
19012822,
19012823,
18782805,
18883805,
18883806,
18884806,
18895805,
18896806,
18897805,
18898806,
18932805,
18746981,
18783837,
18925818,
18925822,
18925827,
18925831,
18750973,
18885805,
18885806,
18886805,
18939805,
18940805,
19009811,
18746967,
18772992,
18888806,
18926810,
18926811,
18926812,
18926813,
18926815,
18926817,
18926818,
19059807,
19059809,
19060805,
19060807,
19060809,
19060811,
19060814,
19060815,
19062967,
19062968,
19062969,
19062970,
19087805,
19091836,
19091838,
19117806,
19022830,
19022832,
19022833,
19022835,
19022838,
19022840,
19086979,
19117807,
19018809,
19022817,
19022820,
19022837,
19036967,
19117813,
19088807,
19088808,
19088810,
19117815,
19117817,
19117818,
19134814,
19134816,
19134817,
19142805,
19142807,
19142808,
19026807,
19142809,
19153806,
19153808,
19155808,
19155809,
19167807,
19167816,
19167820,
19167822,
19167825,
19016814,
19016817,
19131806,
19132805,
19132807,
19133806,
19155811,
19155812,
19164809,
19218826,
19337807,
19183185,
19183186,
19183187,
19258807,
19258822,
19258827,
19258828,
19258831,
19258834,
19261843,
19346811,
19346812,
19346813,
19310812,
19310814,
19310824,
19310827,
19310830,
19310834,
19310835,
19310836,
19310837,
19197811,
19197814,
19197815,
19219861,
19251814,
19304830,
19224161,
19224164,
19224169,
19224178,
19224181,
19304831,
19372978,
19372980,
19372981,
19372982,
19372984,
19372985,
19372986,
19372987,
19376863,
19377848,
19246830,
19287806,
19377849,
19377850,
19377851,
19377853,
19377854,
19377855,
19181851,
19218878,
19219815,
19237161,
19237166,
19260963,
19260965,
19260966,
19260967,
19267820,
19267821,
19267822,
19267823,
19267824,
19221811,
19221814,
19221819,
19260977,
19263809,
19267825,
19209138,
19230807,
19230810,
19248843,
19267808,
19267827,
19267833,
19267834,
19268987,
19268990,
19268992,
19221879,
19221880,
19221881,
19222809,
19222812,
19222817,
19270807,
19274971,
19252813,
19252819,
19305820,
19268996,
19269808,
19269812,
19309843,
19309849,
19309850,
19319807,
19319808,
19319809,
19455970,
19574984,
19692959,
19692968,
19708956,
19712956,
19712957,
19712958,
19716956,
19717956,
19543957,
19543960,
19543962,
19543963,
19543964,
19544956,
19544958,
19563994,
19566126,
19456958,
19574964,
19692970,
19692973,
19676116,
19676957,
19676962,
19474956,
19563150,
19563151,
19563152,
19563153,
19563154,
19563155,
19563157,
19563158,
19378999,
19379000,
19379001,
19379002,
19380870,
19453963,
19511958,
19511960,
19676964,
19676966,
19665957,
19666957,
19688988,
19691019,
19691022,
19691024,
19691028,
19406825,
19407825,
19407826,
19407828,
19566976,
19691030,
19691031,
19691033,
19691035,
19776959,
19777958,
19787964,
19787969,
19787980,
19893116,
19919994,
19919997,
19920002,
19920006,
19920010,
19920013,
19924956,
19940045,
19939048,
19939053,
19939057,
19939059,
19939160,
19945065,
19724956,
19797958,
19798956,
19957007,
19975038,
19975040,
19757062,
19757063,
19757068,
19757071,
19776956,
19776958,
19787976,
19787979,
19787981,
19788956,
19788957,
19834958,
19834959,
19932957,
19940023,
19945179,
19723956,
19901957,
19902956,
19902958,
19940041,
19959006,
19969030,
19940057,
19970007,
19970012,
19975062,
19975065,
19975066,
19752970,
19752973,
19752974,
19752975,
19752978,
19752981,
19752984,
19752987,
19947007,
19975068,
19794958,
19848956,
19850956,
19932992,
19932993,
19937970,
19937978,
19937980,
19975073,
19975075,
19975078,
19737957,
19737958,
19737959,
19737960,
19737961,
19737962,
19737963,
19737964,
19737965,
19737966,
19737967,
19737968,
19737969,
19737970,
19737971,
19737972,
19737973,
19737974,
19737975,
19720957,
19720958,
19721957,
19722956,
19722957,
19737976,
19737977,
19772956,
19840960,
19840961,
19841958,
19842957,
19842959,
19844956,
19845957,
19846958,
19846959,
19862956,
19894957,
19902959,
19906958,
19907959,
19907961,
19907963,
19907972,
19717957,
19718956,
19719957,
19778956,
19823112,
19880957,
19895960,
19824956,
19827956,
19925957,
19937972,
19937974,
19938969,
19938971,
19938972,
19938975,
19995028,
20044383,
20045011,
20046017,
20042011,
19977017,
19992018,
19996024,
20044360,
19984007,
19993005,
19993008,
20044104,
19978027,
19995053,
19995054,
20044073,
20004009,
20005006,
19996018,
19996021,
19999006,
20045077,
19993015,
19993017,
20012036,
19978032,
20017059,
19980056,
19980057,
19995044,
19995046,
19995048)

COMMIT;
998 ROWS UPDATED

#4
UPDATE AP_SUPPLIERS
SET GLOBAL_ATTRIBUTE_CATEGORY = 'JL.AR.APXVDMVD.SUPPLIERS',
    ATTRIBUTE_CATEGORY = 'AR'
where vendor_id IN (20044349,
20044352,
19997039,
19982007,
19995056,
19995062,
19995063,
19995069,
19995071,
20001006,
20017069)

COMMIT;
11 ROWS UPDATED