update apps.po_headers_all 
set closed_date = SYSDATE,
closed_code = 'FINALLY CLOSED'
where po_header_id in (
5655610,
5655613,
5656609,
5657600,
5657603,
5657604,
5657606,
5657609,
5657611,
5657613,
5657615,
5657617,
5657618,
5657619,
5657620,
5657622,
5657623,
5657626,
5657628,
5657631,
5657632,
5657634,
5657635,
5657636,
5657637,
5657642,
5657643,
5657644,
5657647,
5657648,
5657649,
5657651,
5657652,
6038665,
6038681,
6038685,
6038686,
6039607,
6039610,
6039612,
6039615,
6039618,
6039620,
6039624,
6039625,
6039628,
6039631,
6039637,
6039638,
6040608,
6040612,
6040614,
6040616,
6040618,
6040621,
6040622,
6041607,
6041609,
6041614,
6041622,
6050623,
6050625,
6050626,
6050628,
6050629,
6050630,
6050631,
6050633,
6050634,
6050636,
6050637,
6050638,
6050644,
6050646,
6050648,
6050650,
6050652,
6050654,
6050657,
6050659,
6050661,
6050662,
6050666,
6050667,
6050669,
6050673,
6050676,
6050714,
6050716,
6050719,
6051601,
6051610,
6051613,
6051614,
6051616,
6051617,
6051620,
6051621,
6051623,
6051625,
6051627,
6051628,
6051631,
6051632,
6051633,
6051636,
6051638,
6051640,
6051642,
6051644,
6051645,
6051647,
6051649,
6051650,
6051653,
6051655,
6051656,
6051657,
6051658,
6051659,
6051661,
6051663,
6051664,
6051665,
6051666,
6051667,
6051669,
6051671,
6051673,
6051675,
6051677,
6129613,
6129616,
6129618,
6129621,
6241614,
6241616,
6241618,
6708715,
6708719,
6857706,
6857711,
6869675,
7121748,
7184673,
7267658,
7267667,
7267682,
7267684,
7267686,
5652618,
5652620,
5652622,
5652625,
5652629,
5652630,
5652631,
5652634,
5653600,
5653601,
5653603,
6119721,
6119724,
6119725,
6119727,
6119728,
6119730,
6119733,
6119736,
6119737,
6119739,
6119740,
6119742,
6119743,
6119745,
6119747,
6119751,
6119752,
6119753,
6119758,
6119759,
6119761,
6119762,
6119763,
6119766,
6119768,
6119770,
6119773,
6119774,
6119781,
6119783,
6119786,
6119788,
6119790,
6119792,
6119793,
6119795,
6119796,
6119797,
6119798,
6119799,
6119802,
6119804,
6119805,
6119806,
6119807,
6119808,
6119810,
6119811,
6119812,
6119813,
6119814,
6119816,
6119817,
6119821,
6119823,
6119826,
6119828,
6119831,
6119834,
6119835,
6119837,
6119838,
6119839,
6119840,
6119841,
6119842,
6119843,
6119844,
6119845,
6119847,
6119848,
6119850,
6119851,
6119853,
6119854,
6119855,
6119857,
6119858,
6119859,
6119862,
6119863,
6119864,
6119865,
6119866,
6119867,
6119868,
6119869,
6119871,
6119872,
6119874,
6119876,
6272622,
6272624,
6272627,
6552706,
6860625,
6860628,
6860630,
6869670,
7121751,
7184681,
7267651,
7267652,
7267653,
7267655,
5651600,
5651604,
5651606,
5651607,
5651611,
5651613,
5651615,
5651616,
5651617,
5651620,
5651622,
5651623,
5651625,
5651628,
5651632,
5651633,
5651635,
5651637,
5651639,
5651640,
5651642,
5651643,
5651646,
5652600,
5652602,
5652604,
5652606,
5652609,
5652611,
5652612,
5652614,
5652616);
--
commit;
--
update apps.po_lines_all
set closed_code = 'FINALLY CLOSED',
closed_date = SYSDATE
where po_header_id in (
5655610,
5655613,
5656609,
5657600,
5657603,
5657604,
5657606,
5657609,
5657611,
5657613,
5657615,
5657617,
5657618,
5657619,
5657620,
5657622,
5657623,
5657626,
5657628,
5657631,
5657632,
5657634,
5657635,
5657636,
5657637,
5657642,
5657643,
5657644,
5657647,
5657648,
5657649,
5657651,
5657652,
6038665,
6038681,
6038685,
6038686,
6039607,
6039610,
6039612,
6039615,
6039618,
6039620,
6039624,
6039625,
6039628,
6039631,
6039637,
6039638,
6040608,
6040612,
6040614,
6040616,
6040618,
6040621,
6040622,
6041607,
6041609,
6041614,
6041622,
6050623,
6050625,
6050626,
6050628,
6050629,
6050630,
6050631,
6050633,
6050634,
6050636,
6050637,
6050638,
6050644,
6050646,
6050648,
6050650,
6050652,
6050654,
6050657,
6050659,
6050661,
6050662,
6050666,
6050667,
6050669,
6050673,
6050676,
6050714,
6050716,
6050719,
6051601,
6051610,
6051613,
6051614,
6051616,
6051617,
6051620,
6051621,
6051623,
6051625,
6051627,
6051628,
6051631,
6051632,
6051633,
6051636,
6051638,
6051640,
6051642,
6051644,
6051645,
6051647,
6051649,
6051650,
6051653,
6051655,
6051656,
6051657,
6051658,
6051659,
6051661,
6051663,
6051664,
6051665,
6051666,
6051667,
6051669,
6051671,
6051673,
6051675,
6051677,
6129613,
6129616,
6129618,
6129621,
6241614,
6241616,
6241618,
6708715,
6708719,
6857706,
6857711,
6869675,
7121748,
7184673,
7267658,
7267667,
7267682,
7267684,
7267686,
5652618,
5652620,
5652622,
5652625,
5652629,
5652630,
5652631,
5652634,
5653600,
5653601,
5653603,
6119721,
6119724,
6119725,
6119727,
6119728,
6119730,
6119733,
6119736,
6119737,
6119739,
6119740,
6119742,
6119743,
6119745,
6119747,
6119751,
6119752,
6119753,
6119758,
6119759,
6119761,
6119762,
6119763,
6119766,
6119768,
6119770,
6119773,
6119774,
6119781,
6119783,
6119786,
6119788,
6119790,
6119792,
6119793,
6119795,
6119796,
6119797,
6119798,
6119799,
6119802,
6119804,
6119805,
6119806,
6119807,
6119808,
6119810,
6119811,
6119812,
6119813,
6119814,
6119816,
6119817,
6119821,
6119823,
6119826,
6119828,
6119831,
6119834,
6119835,
6119837,
6119838,
6119839,
6119840,
6119841,
6119842,
6119843,
6119844,
6119845,
6119847,
6119848,
6119850,
6119851,
6119853,
6119854,
6119855,
6119857,
6119858,
6119859,
6119862,
6119863,
6119864,
6119865,
6119866,
6119867,
6119868,
6119869,
6119871,
6119872,
6119874,
6119876,
6272622,
6272624,
6272627,
6552706,
6860625,
6860628,
6860630,
6869670,
7121751,
7184681,
7267651,
7267652,
7267653,
7267655,
5651600,
5651604,
5651606,
5651607,
5651611,
5651613,
5651615,
5651616,
5651617,
5651620,
5651622,
5651623,
5651625,
5651628,
5651632,
5651633,
5651635,
5651637,
5651639,
5651640,
5651642,
5651643,
5651646,
5652600,
5652602,
5652604,
5652606,
5652609,
5652611,
5652612,
5652614,
5652616);
--
commit;
--
update apps.po_line_locations_all
set closed_code = 'FINALLY CLOSED',
closed_date = SYSDATE
where po_header_id in (
5655610,
5655613,
5656609,
5657600,
5657603,
5657604,
5657606,
5657609,
5657611,
5657613,
5657615,
5657617,
5657618,
5657619,
5657620,
5657622,
5657623,
5657626,
5657628,
5657631,
5657632,
5657634,
5657635,
5657636,
5657637,
5657642,
5657643,
5657644,
5657647,
5657648,
5657649,
5657651,
5657652,
6038665,
6038681,
6038685,
6038686,
6039607,
6039610,
6039612,
6039615,
6039618,
6039620,
6039624,
6039625,
6039628,
6039631,
6039637,
6039638,
6040608,
6040612,
6040614,
6040616,
6040618,
6040621,
6040622,
6041607,
6041609,
6041614,
6041622,
6050623,
6050625,
6050626,
6050628,
6050629,
6050630,
6050631,
6050633,
6050634,
6050636,
6050637,
6050638,
6050644,
6050646,
6050648,
6050650,
6050652,
6050654,
6050657,
6050659,
6050661,
6050662,
6050666,
6050667,
6050669,
6050673,
6050676,
6050714,
6050716,
6050719,
6051601,
6051610,
6051613,
6051614,
6051616,
6051617,
6051620,
6051621,
6051623,
6051625,
6051627,
6051628,
6051631,
6051632,
6051633,
6051636,
6051638,
6051640,
6051642,
6051644,
6051645,
6051647,
6051649,
6051650,
6051653,
6051655,
6051656,
6051657,
6051658,
6051659,
6051661,
6051663,
6051664,
6051665,
6051666,
6051667,
6051669,
6051671,
6051673,
6051675,
6051677,
6129613,
6129616,
6129618,
6129621,
6241614,
6241616,
6241618,
6708715,
6708719,
6857706,
6857711,
6869675,
7121748,
7184673,
7267658,
7267667,
7267682,
7267684,
7267686,
5652618,
5652620,
5652622,
5652625,
5652629,
5652630,
5652631,
5652634,
5653600,
5653601,
5653603,
6119721,
6119724,
6119725,
6119727,
6119728,
6119730,
6119733,
6119736,
6119737,
6119739,
6119740,
6119742,
6119743,
6119745,
6119747,
6119751,
6119752,
6119753,
6119758,
6119759,
6119761,
6119762,
6119763,
6119766,
6119768,
6119770,
6119773,
6119774,
6119781,
6119783,
6119786,
6119788,
6119790,
6119792,
6119793,
6119795,
6119796,
6119797,
6119798,
6119799,
6119802,
6119804,
6119805,
6119806,
6119807,
6119808,
6119810,
6119811,
6119812,
6119813,
6119814,
6119816,
6119817,
6119821,
6119823,
6119826,
6119828,
6119831,
6119834,
6119835,
6119837,
6119838,
6119839,
6119840,
6119841,
6119842,
6119843,
6119844,
6119845,
6119847,
6119848,
6119850,
6119851,
6119853,
6119854,
6119855,
6119857,
6119858,
6119859,
6119862,
6119863,
6119864,
6119865,
6119866,
6119867,
6119868,
6119869,
6119871,
6119872,
6119874,
6119876,
6272622,
6272624,
6272627,
6552706,
6860625,
6860628,
6860630,
6869670,
7121751,
7184681,
7267651,
7267652,
7267653,
7267655,
5651600,
5651604,
5651606,
5651607,
5651611,
5651613,
5651615,
5651616,
5651617,
5651620,
5651622,
5651623,
5651625,
5651628,
5651632,
5651633,
5651635,
5651637,
5651639,
5651640,
5651642,
5651643,
5651646,
5652600,
5652602,
5652604,
5652606,
5652609,
5652611,
5652612,
5652614,
5652616);
--
commit;
--